matrix.py
369.81201
397.75964
371.81842
404.62609
389.44065
399.51667
376.83434
424.84228
401.53252
362.68733
353.35662
380.02263
376.40637
366.89571
357.97302
375.06733
373.28138
424.38814
381.46838
415.86373
374.57806
396.38781
395.95671
365.06974
407.60683
374.01866
418.90051
378.31325
382.12881
390.57174

matrix.java
10.164
10.307
9.357
10.125
9.765
9.88
10.759
9.769
9.195
9.155
10.436
10.703
9.994
9.996
8.792
10.136
9.362
10.316
9.833
10.632
10.138
9.642
9.654
9.869
9.291
9.532
8.629
10.774
10.44
10.783

matrix.c(-o)
15.229118
14.528422
17.067654
15.648960
17.265895
20.129684
17.601521
16.739142
20.718124
16.980355
17.080124
16.783139
16.804767
16.125745
17.111740
15.447779
17.624707
14.961907
15.346069
15.863624
17.235068
18.459962
16.119906
17.502647
17.478666
15.825233
17.171786
17.678299
16.299704
16.830231

matrix.c(-O3)
3.129445
3.178330
3.141044
2.987248
3.190851
3.040470
3.448567
3.150077
3.158881
3.284866
3.110091
3.091292
3.182603
3.095891
3.199292
3.220517
3.213588
3.148210
3.538376
3.128166
3.335705
3.346902
3.268456
3.182039
3.319735
3.193285
3.181775
3.262380
5.204692
5.016430

matrix_ordered.c(-O3)
1.108162
0.941745
0.830014
0.826032
0.842274
0.880020
0.853428
0.785185
0.809993
0.826102
0.832466
0.789729
0.823494
1.022829
1.028506
1.165061
1.060111
0.827976
0.819685
0.840535
0.850678
0.895366
0.812705
0.953233
0.866688
0.837332
0.890934
0.876297
0.816788
0.831769

matrix_meta.c(-O3)
3.122947
3.208405
3.048567
2.951647
3.206706
2.962665
2.946987
2.973057
2.982768
2.962759
3.474191
3.591032
3.046448
3.343752
3.068953
3.011009
3.043806
2.943153
2.989254
2.960792
3.023351
2.987724
2.961013
3.001097
3.017477
2.911253
2.922097
2.955899
2.940209
2.920901

